GALIBMAHMUD 1657
ZDWZDA 342
JIM 108
JIM 105
JIM 93
JIM 65
JIM 58
ANONYMOUS 52
885 371
886 371
886 370
887 370
888 370
888 369
888 369
888 369
888 369
888 369
888 369
888 369
888 369
888 369
888 369
888 369
888 369
888 369
888 369
888 369
888 369
888 369
888 369
888 369
887 369
886 369
885 370
882 370
880 371
878 371
876 372
875 372
874 372
874 372
874 372
874 373
874 373
874 373
874 373
876 373
881 371
892 364
907 354
932 338
952 324
965 313
973 307
978 304
981 304
982 309
982 309
982 309
982 309
982 309
982 309
982 309
982 309
982 309
982 309
982 309
982 309
982 309
982 309
982 309
982 309
982 309
982 309
982 309
982 309
982 309
982 309
982 309
982 309
982 309
982 309
982 309
982 309
982 309
982 309
982 309
982 309
982 309
982 309
982 309
982 309
982 309
982 309
982 309
982 309
982 309
982 309
982 309
982 309
982 309
982 309
982 309
982 309
982 309
982 309
982 309
982 309
982 309
982 309
982 309
982 309
982 309
982 309
982 309
982 309
982 309
982 309
987 307
992 305
993 302
994 301
994 301
994 301
994 301
994 301
994 301
994 301
994 301
993 301
987 302
977 304
967 305
962 305
958 305
951 303
933 302
903 302
865 304
815 308
772 312
731 315
703 317
693 317
690 316
690 316
690 316
690 316
690 316
690 316
690 315
690 315
690 315
690 315
690 315
690 315
690 315
690 315
690 315
690 315
690 314
690 314
690 314
690 314
690 313
690 313
690 313
690 313
690 313
690 313
690 313
690 313
690 313
690 313
690 313
690 313
690 313
690 313
690 313
690 313
690 313
690 313
690 313
690 313
690 313
690 313
690 313
690 313
690 313
690 313
690 313
690 313
690 313
690 313
690 313
690 313
690 313
690 313
690 313
690 313
690 313
692 314
704 315
713 315
763 317
799 321
821 323
827 323
844 324
861 325
877 328
884 330
888 333
894 337
901 343
908 347
914 353
916 354
917 354
917 354
917 354
917 354
917 354
917 354
917 354
917 354
917 354
917 354
917 354
917 354
917 354
917 354
917 354
917 354
917 354
917 354
917 354
917 354
917 354
917 354
917 354
917 354
917 354
917 354
917 354
917 354
917 354
917 354
917 354
917 354
917 354
917 354
917 354
917 354
917 354
917 354
917 354
917 354
917 354
917 354
917 354
917 354
917 354
917 354
917 354
917 354
917 354
917 354
917 355
920 360
923 366
927 374
932 383
940 393
946 400
948 404
948 404
948 404
948 404
948 404
948 404
948 404
948 404
948 404
948 404
948 404
948 404
948 404
948 404
948 404
948 404
948 404
948 404
948 404
948 404
948 404
948 404
948 404
948 404
948 404
948 404
948 404
948 404
948 404
948 404
948 404
948 404
948 404
948 404
948 404
948 404
948 404
948 404
948 404
948 404
948 404
948 404
948 404
948 404
948 404
948 404
948 404
948 404
948 404
948 404
948 404
948 404
948 404
948 404
948 404
948 404
948 404
948 404
948 404
948 404
948 404
948 404
948 404
948 404
948 404
948 404
948 404
948 404
948 404
948 404
948 404
948 404
948 404
948 404
948 404
948 404
948 404
948 404
948 404
948 404
948 404
948 404
948 404
948 404
948 404
948 404
948 404
948 404
948 404
948 404
948 404
948 404
948 404
948 404
948 404
948 404
948 404
948 404
948 404
948 404
948 404
948 404
948 404
948 404
948 404
948 404
948 404
948 404
948 404
948 404
948 404
948 404
948 404
948 404
948 404
948 404
948 404
948 404
948 404
948 404
948 404
948 404
948 404
948 404
948 404
948 404
948 404
948 404
948 404
948 404
948 404
948 404
948 404
948 404
948 404
948 404
948 404
948 404
948 404
948 404
948 404
948 404
948 404
948 404
948 404
948 404
948 404
948 404
948 404
948 404
948 404
948 404
948 404
948 404
948 404
948 404
948 404
948 404
948 404
948 404
948 404
948 404
948 404
948 404
948 404
948 404
948 404
948 404
948 404
948 404
948 404
948 404
948 404
948 404
948 404
948 404
948 404
948 404
948 404
948 404
948 404
948 404
948 404
948 404
948 404
948 404
948 404
948 404
948 404
948 404
948 404
948 404
948 404
948 404
948 404
948 404
948 404
948 404
948 404
948 404
948 404
948 404
948 404
948 404
948 404
948 404
948 404
948 404
948 404
948 404
948 404
948 404
948 404
948 404
948 404
948 404
948 404
948 404
948 404
948 404
948 404
948 404
948 404
948 404
948 404
948 404
948 404
948 404
948 404
948 404
948 404
948 404
948 404
948 404
948 404
948 404
948 404
948 404
948 404
948 404
948 404
948 404
948 404
948 404
948 404
948 404
948 404
948 404
948 404
948 404
948 404
948 404
948 404
948 404
948 404
948 404
948 404
948 404
948 404
948 404
948 404
948 404
948 404
948 404
948 404
948 404
948 404
948 404
948 404
948 404
948 404
948 404
948 404
948 404
948 404
948 404
948 404
948 404
948 404
948 404
948 404
948 404
948 404
948 404
948 404
948 404
948 404
948 404
948 404
948 404
948 404
948 404
948 404
948 404
948 404
948 404
948 404
948 404
948 404
948 404
948 404
948 404
948 404
948 404
948 404
948 404
948 404
948 404
948 404
948 404
948 404
948 404
948 404
948 404
948 404
948 404
948 404
948 404
948 404
948 404
948 404
948 404
948 404
948 404
948 404
948 404
948 404
948 404
948 404
948 404
948 404
948 404
948 404
948 404
948 404
948 404
948 404
948 404
948 404
948 404
948 404
948 404
948 404
948 404
948 404
948 404
948 404
948 404
948 404
948 404
948 404
948 404
948 404
948 404
948 404
948 404
948 404
948 404
948 404
948 404
948 404
948 404
948 404
948 404
948 404
948 404
948 404
948 404
948 404
948 404
948 404
948 404
948 404
948 404
948 404
948 404
948 404
948 404
948 404
948 404
948 404
948 404
948 404
948 404
948 404
948 404
948 404
948 404
948 404
948 404
948 404
948 404
948 404
948 404
948 404
948 404
948 404
948 404
948 404
948 404
948 404
948 404
948 404
948 404
948 404
948 404
948 404
948 404
948 404
948 404
948 404
948 404
948 404
948 404
948 404
948 404
948 404
948 404
948 404
948 404
948 404
948 404
948 404
948 404
948 404
948 404
948 404
948 404
948 404
948 404
948 404
948 404
948 404
948 404
948 404
948 404
948 404
948 404
948 404
948 404
948 404
948 404
948 404
948 404
948 404
948 404
948 404
948 404
948 404
948 404
948 404
948 404
948 404
948 404
948 404
948 404
948 404
948 404
948 404
948 404
948 404
948 404
948 404
948 404
948 404
948 404
948 404
948 404
948 404
948 404
948 404
948 404
948 404
948 404
948 404
948 404
948 404
948 404
948 404
948 404
948 404
948 404
948 404
948 404
948 404
948 404
948 404
948 404
948 404
948 404
948 404
948 404
948 404
948 404
948 404
948 404
948 404
948 404
948 404
948 404
948 404
948 404
948 404
948 404
948 404
948 404
948 404
948 404
948 404
948 404
948 404
948 404
948 404
948 404
948 404
948 404
948 404
948 404
948 404
948 404
948 404
948 404
948 404
948 404
948 404
948 404
948 404
948 404
948 404
948 404
948 404
948 404
948 404
948 404
948 404
948 404
948 404
948 404
948 404
948 404
948 404
948 404
948 404
948 404
948 404
948 404
948 404
948 404
948 404
948 404
948 404
948 404
948 404
948 404
948 404
948 404
948 404
948 404
948 404
948 404
948 404
948 404
948 404
948 404
948 404
948 404
948 404
948 404
948 404
948 404
948 404
948 404
948 404
948 404
948 404
948 404
948 404
948 404
948 404
948 404
948 404
948 404
948 404
948 404
948 404
948 404
948 404
948 404
948 404
948 404
948 404
948 404
948 404
948 404
948 404
948 404
948 404
948 404
948 404
948 404
948 404
948 404
948 404
948 404
948 404
948 404
948 404
948 404
948 404
948 404
948 404
948 404
948 404
948 404
948 404
948 404
948 404
948 404
948 404
948 404
948 404
948 404
948 404
948 404
948 404
948 404
948 404
948 404
948 404
948 404
948 404
948 404
948 404
948 404
948 404
948 404
948 404
948 404
948 404
948 404
948 404
948 404
948 404
948 404
948 404
948 404
948 404
948 404
948 404
948 404
948 404
948 404
948 404
948 404
948 404
948 404
948 404
948 404
948 404
948 404
948 404
948 404
948 404
948 404
948 404
948 404
948 404
948 404
948 404
948 404
948 404
948 404
948 404
948 404
948 404
948 404
948 404
948 404
948 404
948 404
948 404
948 404
948 404
948 404
948 404
948 404
948 404
948 404
948 404
948 404
948 404
948 404
948 404
948 404
948 404
948 404
948 404
948 404
948 404
948 404
948 404
948 404
948 404
948 404
948 404
948 404
948 404
948 404
948 404
948 404
948 404
948 404
948 404
948 404
948 404
948 404
948 404
948 404
948 404
948 404
948 404
948 404
948 404
948 404
948 404
948 404
948 404
948 404
948 404
948 404
948 404
948 404
948 404
948 404
948 404
948 404
948 404
948 404
948 404
948 404
948 404
948 404
948 404
948 404
948 404
948 404
948 404
948 404
948 404
948 404
948 404
948 404
948 404
948 404
948 404
948 404
948 404
948 404
948 404
948 404
948 404
948 404
948 404
948 404
948 404
948 404
948 404
948 404
948 404
948 404
948 404
948 404
948 404
948 404
948 404
948 404
948 404
948 404
948 404
948 404
948 404
948 404
948 404
948 404
948 404
948 404
948 404
948 404
948 404
948 404
948 404
948 404
948 404
948 404
948 404
948 404
948 404
948 404
948 404
948 404
948 404
948 404
948 404
948 404
948 404
948 404
948 404
948 404
948 404
948 404
948 404
948 404
948 404
948 404
948 404
948 404
948 404
948 404
948 404
948 404
948 404
948 404
948 404
948 404
948 404
948 404
948 404
948 404
948 404
948 404
948 404
948 404
948 404
948 404
948 404
948 404
948 404
948 404
948 404
948 404
948 404
948 404
948 404
948 404
948 404
948 404
948 404
948 404
948 404
948 404
948 404
948 404
948 404
948 404
948 404
948 404
948 404
948 404
948 404
948 404
948 404
948 404
948 404
948 404
948 404
948 404
948 404
948 404
948 404
948 404
948 404
948 404
948 404
948 404
948 404
948 404
948 404
948 404
948 404
948 404
948 404
948 404
948 404
948 404
948 404
948 404
948 404
948 404
948 404
948 404
948 404
948 404
948 404
948 404
948 404
948 404
948 404
948 404
948 404
948 404
948 404
948 404
948 404
948 404
948 404
948 404
948 404
948 404
948 404
948 404
948 404
948 404
948 404
948 404
948 404
948 404
948 404
948 404
948 404
948 404
948 404
948 404
948 404
948 404
948 404
948 404
948 404
948 404
948 404
948 404
948 404
948 404
948 404
948 404
948 404
948 404
948 404
948 404
948 404
948 404
948 404
948 404
948 404
948 404
948 404
948 404
948 404
948 404
948 404
948 404
948 404
948 404
948 404
948 404
948 404
948 404
948 404
948 404
948 404
948 404
948 404
948 404
948 404
948 404
948 404
948 404
948 404
948 404
948 404
948 404
948 404
948 404
948 404
948 404
948 404
948 404
948 404
948 404
945 404
843 330
381 0
381 0
381 0
381 0
381 0
381 0
381 0
381 0
381 0
381 0
381 0
381 0
381 0
381 0
381 0
381 0
381 0
381 0
381 0
41 267
55 266
56 263
56 260
54 254
54 249
57 246
67 241
92 232
131 218
168 199
183 184
186 177
190 173
192 170
193 169
194 169
198 171
210 179
261 196
312 208
340 216
365 229
395 245
420 251
450 255
495 257
559 259
683 257
811 249
911 239
989 233
1040 231
1051 231
1051 231
1051 231
1052 231
1052 231
1053 235
1054 239
1055 246
1056 253
1059 265
1060 275
1061 282
1062 288
1062 290
1062 291
1062 291
1062 291
1062 291
1062 291
1062 291
1062 291
1062 291
1062 291
1062 291
1038 290
926 306
788 334
644 348
516 348
414 342
354 336
337 327
335 322
335 315
335 310
335 306
335 303
335 300
334 298
333 296
330 294
328 291
325 289
324 288
319 286
315 285
311 284
306 283
304 283
302 283
298 283
293 283
287 282
280 281
275 280
264 280
253 278
248 278
248 278
248 278
248 278
248 278
248 278
248 278
248 278
248 278
248 278
248 278
248 278
248 278
248 278
248 278
248 278
248 278
248 278
248 278
248 278
248 278
249 278
251 278
254 277
276 275
364 265
468 265
554 263
644 263
738 265
824 261
891 259
917 259
921 260
922 261
923 261
923 261
923 262
926 263
934 265
943 270
950 272
954 275
961 278
964 280
968 284
976 291
976 291
976 291
976 291
976 291
976 291
976 291
976 291
976 291
976 291
976 291
976 291
976 291
976 291
976 291
976 291
976 291
976 291
976 291
976 291
976 291
976 291
976 291
976 291
976 291
976 291
976 291
976 291
976 291
976 291
976 291
976 291
976 291
976 291
976 291
976 291
976 291
976 291
976 291
976 291
976 291
976 291
976 291
976 291
976 291
976 291
976 291
976 291
976 291
976 291
976 291
976 291
976 291
976 291
976 291
976 291
976 291
976 291
976 291
976 291
976 291
976 291
976 291
976 291
976 291
976 291
976 291
976 291
976 291
976 291
976 291
976 291
976 291
976 291
976 291
976 291
976 291
976 291
976 291
976 291
976 291
976 291
976 291
976 291
976 291
976 291
976 291
976 291
976 291
976 291
976 291
976 291
976 291
976 291
976 291
976 291
976 291
976 291
976 291
976 291
976 291
976 291
976 291
976 291
976 291
976 291
976 291
976 291
976 291
976 291
976 291
976 291
976 291
976 291
976 291
976 291
976 291
976 291
976 291
976 291
976 291
976 291
976 291
976 291
976 291
976 291
976 291
976 291
976 291
976 291
976 291
969 292
968 292
968 292
968 292
968 292
968 292
968 292
968 292
968 292
968 292
967 292
966 292
966 292
966 292
966 292
966 292
966 292
966 292
966 292
966 292
966 292
966 292
966 292
966 292
966 293
969 294
971 295
972 296
973 296
974 297
974 297
974 297
974 297
974 297
974 297
974 297
974 297
974 297
974 297
974 297
974 297
974 297
974 297
974 297
974 297
974 297
974 297
974 297
974 297
974 297
974 297
974 297
974 297
974 297
974 297
974 297
974 297
974 297
974 297
974 297
974 297
974 297
974 297
974 297
974 297
974 297
974 297
974 297
974 297
974 297
974 297
974 297
974 297
974 297
974 297
974 297
974 297
974 297
974 297
974 297
974 297
974 297
974 297
974 297
974 297
974 297
974 297
974 297
974 297
974 297
974 297
974 297
974 297
974 297
974 297
974 297
974 297
974 297
974 297
974 297
974 297
974 297
974 297
974 297
974 297
974 297
974 297
974 297
974 297
974 297
974 297
974 297
974 297
974 297
974 297
974 297
974 297
974 297
974 297
974 297
974 297
974 297
974 297
974 297
974 297
974 297
974 297
974 297
974 297
974 297
974 297
974 297
974 297
974 297
974 297
974 297
974 297
974 297
974 297
974 297
974 297
974 297
974 297
974 297
974 297
974 297
974 297
974 297
974 297
974 297
974 297
974 297
974 297
974 297
974 297
974 297
974 297
974 297
974 297
974 297
974 297
974 297
974 297
974 297
974 297
974 297
974 297
974 297
974 297
974 297
974 297
974 297
974 297
974 297
974 297
974 297
974 297
974 297
974 297
974 297
974 297
974 297
974 297
974 297
974 297
974 297
974 297
974 297
974 297
974 297
974 297
974 297
974 297
974 297
974 297
974 297
974 297
974 297
974 297
974 297
974 297
974 297
974 297
974 297
974 297
974 297
974 297
974 297
974 297
974 297
974 297
974 297
974 297
974 297
974 297
974 297
974 297
974 297
974 297
974 297
974 297
974 297
974 297
974 297
974 297
974 297
974 297
974 297
974 297
974 297
974 297
974 297
974 297
974 297
974 297
974 297
974 297
974 297
974 297
974 297
974 297
974 297
974 297
974 297
974 297
974 297
974 297
974 297
974 297
974 297
974 297
974 297
974 297
974 297
974 297
974 297
974 297
974 297
974 297
974 297
974 297
974 297
974 297
974 297
974 297
974 297
974 297
974 297
974 297
974 297
974 297
974 297
974 297
974 297
974 297
974 297
974 297
974 297
974 297
974 297
974 297
974 297
974 297
974 297
974 297
974 297
974 297
974 297
974 297
974 297
974 297
974 297
974 297
974 297
974 297
974 297
974 297
974 297
974 297
974 297
974 297
974 297
974 297
974 297
974 297
974 297
974 297
974 297
974 297
974 297
974 297
974 297
974 297
974 297
974 297
974 297
974 297
974 297
974 297
974 297
974 297
974 297
974 297
974 297
974 297
974 297
974 297
974 297
974 297
974 297
974 297
974 297
974 297
974 297
974 297
974 297
974 297
974 297
974 297
974 297
974 297
974 297
974 297
974 297
974 297
974 297
974 297
974 297
974 297
974 297
974 297
974 297
974 297
974 297
974 297
974 297
974 297
974 297
974 297
974 297
974 297
974 297
974 297
974 297
974 297
974 297
974 297
974 297
974 297
974 297
974 297
974 297
974 297
974 297
974 297
974 297
974 297
974 297
974 297
974 297
974 297
974 297
974 297
974 297
974 297
974 297
974 297
974 297
974 297
974 297
974 297
974 297
974 297
974 297
974 297
974 297
974 297
974 297
974 297
974 297
974 297
974 297
974 297
974 297
974 297
974 297
974 297
974 297
974 297
974 297
974 297
974 297
974 297
974 297
974 297
974 297
974 297
974 297
974 297
974 297
974 297
974 297
974 297
974 297
974 297
974 297
974 297
974 297
974 297
974 297
974 297
974 297
974 297
974 297
974 297
974 297
974 297
974 297
974 297
974 297
974 297
974 297
974 297
974 297
974 297
974 297
974 297
974 297
974 297
974 297
974 297
974 297
974 297
974 297
974 297
974 297
974 297
974 297
974 297
974 297
974 297
974 297
974 297
974 297
974 297
974 297
974 297
974 297
974 297
974 297
974 297
974 297
974 297
974 297
974 297
974 297
974 297
974 297
974 297
974 297
974 297
974 297
974 297
974 297
974 297
974 297
974 297
974 297
974 297
974 297
974 297
974 297
974 297
974 297
974 297
974 297
974 297
974 297
974 297
974 297
974 297
974 297
974 297
974 297
974 297
974 297
974 297
974 297
974 297
974 297
974 297
974 297
974 297
974 297
974 297
974 297
974 297
974 297
974 297
974 297
974 297
974 297
974 297
974 297
974 297
974 297
974 297
974 297
974 297
974 297
974 297
974 297
974 297
974 297
974 297
974 297
974 297
974 297
974 297
974 297
974 297
974 297
974 297
974 297
974 297
974 297
974 297
974 297
974 297
974 297
974 297
974 297
974 297
974 297
974 297
974 297
974 297
974 297
974 297
974 297
974 297
974 297
974 297
974 297
974 297
974 297
974 297
974 297
974 297
974 297
974 297
974 297
974 297
974 297
974 297
974 297
974 297
974 297
974 297
974 297
974 297
974 297
974 297
974 297
974 297
974 297
974 297
974 297
974 297
974 297
974 297
974 297
974 297
974 297
974 297
974 297
974 297
974 297
974 297
974 297
974 297
974 297
974 297
974 297
974 297
974 297
974 297
974 297
974 297
974 297
974 297
974 297
974 297
974 297
974 297
974 297
974 297
974 297
974 297
974 297
974 297
974 297
974 297
974 297
974 297
974 297
974 297
974 297
974 297
974 297
974 297
974 297
974 297
974 297
974 297
974 297
974 297
974 297
974 297
974 297
974 297
974 297
974 297
974 297
974 297
974 297
974 297
974 297
974 297
974 297
974 297
974 297
974 297
974 297
974 297
974 297
974 297
974 297
974 297
974 297
974 297
974 297
974 297
974 297
974 297
974 297
974 297
974 297
974 297
974 297
974 297
974 297
974 297
974 297
974 297
974 297
974 297
974 297
974 297
974 297
974 297
974 297
974 297
974 297
974 297
974 297
974 297
974 297
974 297
974 297
974 297
974 297
974 297
974 297
974 297
974 297
974 297
974 297
974 297
974 297
974 297
974 297
974 297
974 297
974 297
974 297
974 297
974 297
974 297
974 297
974 297
974 297
974 297
974 297
974 297
974 297
974 297
974 297
974 297
974 297
974 297
974 297
974 297
974 297
974 297
974 297
974 297
974 297
974 297
974 297
974 297
974 297
974 297
974 297
974 297
974 297
974 297
974 297
974 297
974 297
974 297
974 297
974 297
974 297
974 297
974 297
974 297
974 297
974 297
974 297
974 297
974 297
974 297
974 297
974 297
974 297
974 297
974 297
974 297
974 297
974 297
974 297
974 297
974 297
974 297
974 297
974 297
974 297
974 297
974 297
974 297
974 297
974 297
974 297
974 297
974 297
974 297
974 297
974 297
974 297
974 297
974 297
974 297
974 297
974 297
974 297
974 297
974 297
974 297
974 297
974 297
974 297
974 297
974 297
974 297
974 297
974 297
974 297
974 297
974 297
974 297
974 297
974 297
974 297
974 297
974 297
974 297
974 297
974 297
974 297
974 297
974 297
974 297
974 297
974 297
974 297
974 297
974 297
974 297
974 297
974 297
974 297
974 297
974 297
974 297
974 297
974 297
974 297
974 297
974 297
974 297
974 297
974 297
974 297
974 297
974 297
974 297
974 297
974 297
974 297
974 297
974 297
974 297
974 297
974 297
974 297
974 297
974 297
974 297
974 297
974 297
974 297
974 297
974 297
974 297
974 297
974 297
974 297
974 297
974 297
974 297
974 297
974 297
974 297
974 297
974 297
974 297
974 297
974 297
974 297
974 297
974 297
974 297
974 297
974 297
974 297
974 297
974 297
974 297
974 297
974 297
974 297
974 297
974 297
974 297
974 297
974 297
974 297
974 297
974 297
974 297
974 297
974 297
974 297
974 297
974 297
974 297
974 297
974 297
974 297
974 297
974 297
974 297
974 297
974 297
974 297
974 297
974 297
974 297
974 297
974 297
974 297
974 297
974 297
974 297
974 297
974 297
974 297
974 297
974 297
974 297
974 297
974 297
974 297
974 297
974 297
974 297
974 297
974 297
974 297
974 297
974 297
974 297
974 297
974 297
974 297
974 297
974 297
974 297
974 297
974 297
974 297
974 297
974 297
974 297
974 297
974 297
974 297
974 297
974 297
974 297
974 297
974 297
974 297
974 297
974 297
974 297
974 297
974 297
974 297
974 297
974 297
974 297
974 297
974 297
974 297
974 297
974 297
974 297
974 297
974 297
974 297
974 297
974 297
974 297
974 297
974 297
974 297
974 297
974 297
974 297
974 297
974 297
974 297
974 297
974 297
974 297
974 297
974 297
974 297
974 297
974 297
974 297
974 297
974 297
974 297
974 297
974 297
974 297
974 297
974 297
974 297
974 297
974 297
974 297
974 297
974 297
974 297
974 297
974 297
974 297
974 297
974 297
974 297
974 297
974 297
974 297
974 297
974 297
974 297
974 297
974 297
974 297
974 297
974 297
974 297
974 297
974 297
974 297
974 297
974 297
974 297
974 297
974 297
974 297
974 297
974 297
974 297
974 297
974 297
974 297
974 297
974 297
974 297
974 297
974 297
974 297
974 297
974 297
974 297
974 297
974 297
974 297
974 297
974 297
974 297
974 297
974 297
974 297
974 297
974 297
974 297
974 297
974 297
974 297
974 297
974 297
974 297
974 297
974 297
974 297
974 297
974 297
974 297
974 297
974 297
974 297
974 297
974 297
974 297
974 297
974 297
974 297
974 297
974 297
974 297
974 297
974 297
974 297
974 297
974 297
974 297
974 297
974 297
974 297
974 297
974 297
974 297
974 297
974 297
974 297
974 297
974 297
974 297
974 297
974 297
974 297
974 297
974 297
974 297
974 297
974 297
974 297
974 297
974 297
974 297
974 297
974 297
974 297
974 297
974 297
974 297
974 297
974 297
974 297
974 297
974 297
974 297
974 297
974 297
974 297
974 297
974 297
974 297
974 297
974 297
974 297
974 297
974 297
974 297
974 297
974 297
974 297
974 297
974 297
974 297
974 297
974 297
974 297
974 297
974 297
974 297
974 297
974 297
974 297
974 297
974 297
974 297
974 297
974 297
974 297
974 297
974 297
974 297
974 297
974 297
974 297
974 297
974 297
974 297
974 297
974 297
974 297
974 297
974 297
974 297
974 297
974 297
974 297
974 297
974 297
974 297
974 297
974 297
974 297
974 297
974 297
974 297
974 297
974 297
974 297
974 297
974 297
974 297
974 297
974 297
974 297
974 297
974 297
974 297
974 297
974 297
974 297
974 297
974 297
974 297
974 297
974 297
974 297
974 297
974 297
974 297
974 297
974 297
972 296
962 288
903 247
690 115
682 115
673 116
356 194
240 188
132 170
58 156
37 154
38 163
48 198
76 280
124 378
186 456
266 500
334 506
334 506
334 506
528 340
496 80
424 6
412 0
369 30
361 54
343 244
367 402
435 526
549 598
681 610
775 570
829 500
851 386
807 258
585 80
487 58
434 62
424 73
422 85
423 87
425 91
441 107
467 94
468 60
466 48
462 47
454 58
445 104
471 250
499 310
499 310
499 310
499 310
499 310
499 310
499 310
499 310
499 310
499 310
499 310
499 310
499 310
499 310
499 310
499 310
499 310
499 310
499 296
507 271
534 244
887 243
943 293
989 343
1003 362
1010 371
1011 373
1010 374
996 374
964 372
912 360
844 334
766 300
702 264
654 229
582 244
592 273
609 284
630 282
645 273
672 250
737 110
730 82
706 58
656 32
608 20
567 16
556 21
555 30
567 56
596 87
702 241
736 261
763 277
800 294
831 307
860 323
888 343
913 363
937 381
951 395
965 406
977 414
992 426
1002 432
1006 434
1008 435
1009 435
1009 435
1009 435
1009 435
1009 435
1009 435
1009 435
1009 435
1009 435
1009 435
1009 435
1009 435
1009 435
1009 435
1009 435
1009 435
1009 435
1009 435
1009 435
1009 435
1009 435
1009 435
1009 435
1009 435
1009 435
1009 435
1009 435
1009 435
1009 435
1009 435
1009 435
1009 435
1009 435
1009 435
1009 435
1009 435
1009 435
1009 435
1009 435
1009 435
1009 435
1009 435
1009 435
1009 435
1009 435
1009 435
1009 435
1009 435
1009 435
1009 435
1009 435
1009 435
1009 435
1009 435
1009 435
1009 435
1009 435
1009 435
1009 435
1009 435
1009 435
1009 435
1009 435
1009 435
1009 435
1009 435
1009 435
1009 435
1009 435
1009 435
1009 435
1009 435
1009 435
1009 435
1009 435
1009 435
1009 435
1009 435
1009 435
1009 435
1009 435
1009 435
1009 435
1009 435
1009 435
1009 435
1009 435
1009 435
1009 435
1009 435
1009 435
1009 435
1009 435
1009 435
1009 435
1009 435
1009 435
1009 435
1009 435
1009 435
1009 435
1009 435
1009 435
1009 435
1009 435
1009 435
1009 435
1001 432
972 414
930 393
898 371
886 362
883 358
882 358
882 357
882 357
882 357
882 357
882 357
882 357
882 357
882 357
882 357
882 357
882 357
882 357
881 354
880 341
876 317
870 299
864 289
862 284
861 282
859 281
858 281
856 280
852 279
845 278
814 275
746 271
646 271
532 267
414 259
328 253
268 247
250 243
246 243
246 243
246 243
246 243
249 243
266 250
326 258
406 264
496 278
580 292
684 308
772 322
856 334
912 342
944 349
949 350
952 351
956 352
959 352
964 354
972 358
984 365
1005 374
1025 384
1039 388
1044 390
1047 390
1048 390
1048 390
1048 390
1048 390
1048 390
1048 390
1048 390
1048 390
1048 390
1048 390
1048 390
1048 390
1048 390
1048 390
1048 390
1048 390
1048 390
1048 390
1048 390
1048 390
1048 390
1048 390
1048 390
1048 390
1048 390
1048 390
1048 390
1048 390
1048 390
1048 390
1048 390
1048 390
1048 390
1048 390
1048 390
1048 390
1048 390
1048 390
1048 390
1048 390
1048 390
1048 390
1048 390
1048 390
1048 390
1048 390
1048 390
1048 390
1048 390
1048 390
1048 390
1048 390
1048 390
1048 390
1048 390
1048 390
1048 390
1048 390
1048 390
1048 390
1048 390
1048 390
1048 390
1048 390
1048 390
1048 390
1048 390
1048 390
1048 390
1048 390
1048 390
1048 390
1048 390
1048 390
1048 390
1048 390
1048 390
1048 390
1048 390
1048 390
1048 390
1048 390
1048 390
1048 390
1048 390
1048 390
1048 390
1048 390
1048 390
1048 390
1048 390
1048 390
1048 390
1048 390
1047 390
1045 389
1040 387
1028 387
1006 392
973 407
935 426
903 446
861 472
811 492
767 502
752 502
744 501
733 497
712 491
685 483
661 476
642 468
631 463
621 462
616 461
615 461
615 461
615 461
615 461
615 459
614 454
614 449
613 445
613 443
612 440
611 439
610 439
610 439
610 439
610 439
610 439
610 439
610 439
610 439
610 439
610 439
610 439
610 439
610 439
610 439
610 439
610 439
610 439
610 439
610 439
610 439
610 439
610 439
610 439
610 439
610 439
610 439
610 439
610 439
610 439
610 439
610 439
610 439
610 439
610 439
610 439
610 439
610 439
610 439
610 439
610 439
610 439
610 439
610 439
610 439
610 439
610 439
610 439
610 439
610 439
610 439
610 439
610 439
610 439
610 439
610 439
610 439
610 439
610 439
610 439
610 439
610 439
610 439
610 439
610 439
610 439
610 439
610 439
610 439
610 439
610 439
610 439
610 439
610 439
610 439
610 439
610 439
610 439
610 439
610 439
610 439
610 439
610 439
610 439
610 439
610 439
610 439
610 439
610 439
610 439
610 439
610 439
610 439
610 439
610 439
610 439
610 439
610 439
610 439
610 439
610 439
610 439
610 439
610 439
610 439
610 439
610 439
610 439
610 439
610 439
610 439
610 439
610 439
610 439
610 439
610 439
610 439
610 439
610 439
610 439
610 439
610 439
610 439
610 439
610 439
610 439
610 439
610 439
610 439
610 439
610 439
610 439
610 439
610 439
610 439
610 439
610 439
610 439
610 439
610 439
610 439
610 439
610 439
610 439
610 439
610 439
610 439
610 439
610 439
610 439
610 439
610 439
610 439
610 439
610 439
610 439
610 439
610 439
610 439
610 439
610 439
610 439
610 439
610 439
610 439
610 439
610 439
610 439
610 439
610 439
610 439
610 439
610 439
610 439
610 439
610 439
610 439
610 439
610 439
610 439
610 439
610 439
610 439
610 439
610 439
610 439
610 439
610 439
610 439
610 439
610 439
610 439
610 439
610 439
610 439
610 439
610 439
610 439
610 439
610 439
610 439
610 439
610 439
610 439
610 439
610 439
610 439
610 439
610 439
610 439
610 439
610 439
610 439
610 439
610 439
610 439
610 439
610 439
610 439
610 439
610 439
610 439
610 439
610 439
610 439
610 439
610 439
610 439
610 439
610 439
610 439
610 439
610 439
610 439
610 439
610 439
610 439
610 439
610 439
610 439
610 439
610 439
610 439
610 439
610 439
610 439
610 439
610 439
610 439
610 439
610 439
610 439
610 439
610 439
610 439
610 439
610 439
610 439
610 439
610 439
610 439
610 439
610 439
610 439
610 439
610 439
610 439
610 439
610 439
610 439
610 439
610 439
610 439
610 439
610 439
610 439
610 439
610 439
610 439
610 439
610 439
610 439
610 439
610 439
610 439
610 439
610 439
610 439
610 439
610 439
610 439
610 439
610 439
610 439
610 439
610 439
610 439
610 439
610 439
610 439
610 439
610 439
610 439
610 439
610 439
610 439
610 439
610 439
610 439
610 439
610 439
610 439
610 439
610 439
610 439
610 439
610 439
610 439
610 439
610 439
610 439
610 439
610 439
610 439
610 439
610 439
610 439
610 439
610 439
610 439
610 439
610 439
610 439
610 439
610 439
610 439
610 439
610 439
610 439
610 439
610 439
610 439
610 439
610 439
610 439
610 439
610 439
610 439
610 439
610 439
610 439
610 439
610 439
610 439
610 439
610 439
610 439
610 439
610 439
610 439
610 439
610 439
610 439
610 439
610 439
610 439
610 439
610 439
610 439
610 439
610 439
610 439
610 439
610 439
610 439
610 439
610 439
610 439
610 439
610 439
610 439
610 439
610 439
610 439
610 439
610 439
610 439
610 439
610 439
609 439
607 440
605 441
605 442
604 442
604 442
604 442
604 442
604 442
604 442
604 442
604 442
604 442
604 442
604 442
604 442
604 442
604 442
604 442
604 442
604 442
604 442
604 442
604 442
604 442
604 442
604 442
604 442
604 442
602 449
580 482
552 524
537 556
537 582
549 616
569 654
588 671
610 684
618 694
619 700
619 702
618 703
615 703
614 703
614 703
615 700
638 667
676 625
686 614
689 612
690 611
690 611
690 611
692 618
699 626
699 626
699 626
699 626
699 626
699 626
699 626
699 626
699 626
699 626
699 626
699 626
699 626
699 626
699 626
699 626
699 626
699 626
699 626
699 626
699 626
699 626
699 626
699 626
699 626
699 626
699 626
699 626
698 639
697 640
697 642
696 643
696 644
696 644
696 645
696 645
697 645
699 646
703 646
711 644
735 638
766 630
796 627
835 621
874 615
901 612
928 607
957 602
987 598
1001 595
1001 595
1001 595
1001 595
1001 595
1001 595
1001 595
1001 595
1001 595
1001 595
1001 595
1001 595
1001 595
1001 595
1001 595
1001 595
1001 595
1001 595
1001 595
1001 595
1001 595
1001 595
1001 595
1001 595
1001 595
1001 595
1001 595
1001 595
1001 595
1001 595
1001 595
1001 595
1001 595
1001 595
1001 595
1001 595
1001 595
1001 595
1001 595
1001 595
1001 595
1001 595
1001 595
1001 595
1001 595
1001 595
1001 595
1001 595
1001 595
1001 595
1001 595
1001 595
1001 595
1001 595
1001 595
1001 595
1001 595
1001 595
1001 595
1001 595
1001 595
1001 595
1001 595
1001 595
1001 595
1001 595
1001 595
1001 595
1001 595
1001 595
1001 595
1001 595
1001 595
1001 595
1001 595
1001 595
1001 595
1001 595
1001 595
1001 595
1001 595
1001 595
1001 595
1001 595
1001 595
1001 595
1001 595
1001 595
1001 595
1001 595
1001 595
1001 595
1001 595
1001 595
1001 595
1001 595
1001 595
1001 595
1001 595
1001 595
1001 595
1001 595
1001 595
1001 595
1001 595
1001 595
1001 595
1001 595
1001 595
1001 595
1001 595
1001 595
1001 595
1001 595
1001 595
1001 595
1001 595
1001 595
1001 595
1001 595
1001 595
1001 595
1001 595
1001 595
1001 595
1001 595
1001 595
1001 595
1001 595
1001 595
1001 595
1001 595
1001 595
1001 595
1001 595
1001 595
1001 595
1001 595
1001 595
1001 595
1001 595
1001 595
1001 595
1001 595
1001 595
1001 595
1001 595
1001 595
1001 595
1001 595
1001 595
1001 595
1001 595
1001 595
1001 595
1001 595
1001 595
1001 595
1001 595
1001 595
1001 595
1001 595
1001 595
1001 595
1001 595
1001 595
1001 595
1001 595
1001 595
1001 595
1001 595
1001 595
1001 595
1001 595
1001 595
1001 595
1001 595
1001 595
1001 595
1001 595
1001 595
1001 595
1001 595
1001 595
1001 595
1001 595
1001 595
1001 595
1001 595
1001 595
1001 595
1001 595
1001 595
1001 595
1001 595
1001 595
1001 595
1001 595
1001 595
1001 595
1001 595
1001 595
1001 595
1001 595
1001 595
981 585
976 581
976 580
976 579
976 578
975 577
975 577
975 577
975 577
975 577
975 577
975 577
975 577
975 577
975 577
975 577
975 577
975 577
975 577
975 577
975 577
975 577
975 577
975 577
975 577
975 577
975 577
975 577
975 577
975 577
975 577
975 577
975 577
975 577
975 577
975 577
975 577
975 577
975 577
975 577
975 577
975 577
975 577
975 577
975 577
975 577
975 577
975 577
975 577
975 577
975 577
975 577
975 577
975 577
975 577
975 577
975 577
975 577
975 577
975 577
975 577
975 577
975 577
975 577
975 577
975 577
975 577
975 577
975 577
975 577
975 577
975 577
975 577
975 577
975 577
975 577
975 577
975 577
975 577
975 577
975 577
975 577
975 577
975 577
975 577
975 577
975 577
975 577
975 577
975 577
975 577
975 577
975 577
975 577
975 577
975 577
975 577
975 577
975 577
975 577
975 577
975 577
975 577
975 577
975 577
975 577
975 577
975 577
975 577
975 577
975 577
975 577
975 577
975 577
975 577
975 577
975 577
975 577
975 577
975 577
975 577
975 577
975 577
975 577
975 577
975 577
975 577
975 577
975 577
975 577
975 577
975 577
975 577
975 577
975 577
975 577
975 577
975 577
975 577
975 577
975 577
975 577
975 577
975 577
975 577
975 577
975 577
975 577
975 577
975 577
975 577
975 577
975 577
975 577
975 577
975 577
975 577
975 577
975 577
975 577
975 577
975 577
975 577
975 577
975 577
975 577
975 577
975 577
975 577
975 577
975 577
975 577
975 577
975 577
975 577
975 577
975 577
975 577
975 577
975 577
975 577
975 577
975 577
975 577
975 577
975 577
975 577
975 577
975 577
975 577
975 577
975 577
975 577
975 577
975 577
975 577
975 577
975 577
975 577
975 577
975 577
975 577
975 577
975 577
975 577
975 577
975 577
975 577
975 577
975 577
975 577
975 577
972 576
965 572
955 570
931 568
918 568
916 569
916 569
925 566
956 553
1016 519
1055 490
1061 485
1062 484
1063 483
1063 483
1063 483
1063 483
1063 483
1063 483
1051 483
973 486
879 462
811 428
782 401
772 385
771 376
777 368
784 363
794 359
816 350
856 334
880 323
881 321
881 321
881 321
881 321
881 321
881 321
881 321
881 321
879 323
870 334
864 341
862 348
868 355
898 358
911 356
911 356
911 356
911 356
911 356
911 356
911 356
911 356
911 356
911 356
911 356
911 356
911 356
911 356
911 356
911 356
911 356
911 356
911 356
911 356
911 356
911 356
911 356
911 356
911 356
911 356
911 356
911 356
911 356
911 356
911 356
911 356
911 356
911 356
911 356
911 356
911 356
911 356
911 356
911 356
911 356
911 356
911 356
911 356
911 356
911 356
911 356
911 356
911 356
911 356
911 356
911 356
911 356
911 356
911 356
911 356
911 356
911 356
911 356
911 356
911 356
911 356
911 356
911 356
911 356
911 356
911 356
911 356
911 356
911 356
911 356
911 356
911 356
911 356
911 356
911 356
911 356
911 356
911 356
911 356
911 356
911 356
911 356
911 356
911 356
911 356
911 356
911 356
911 356
911 356
911 356
911 356
911 356
911 356
911 356
911 356
911 356
911 356
911 356
911 356
864 334
863 334
863 334
863 334
863 334
863 334
863 334
863 334
863 334
863 334
863 334
863 334
863 334
863 334
863 334
863 334
863 334
863 334
863 334
863 334
863 334
863 334
863 334
863 334
863 334
863 334
863 334
863 334
863 334
863 334
863 334
863 334
863 334
863 334
863 334
863 334
863 334
863 334
863 334
863 334
863 334
863 334
863 334
863 334
863 334
863 334
863 334
863 334
863 334
863 334
863 334
863 334
863 334
863 334
863 334
863 334
863 334
863 334
863 334
863 334
863 334
863 334
863 334
863 334
863 334
863 334
863 334
863 334
863 334
863 334
863 334
863 334
863 334
863 334
863 334
863 334
863 334
863 334
863 334
863 334
863 334
863 334
863 334
863 334
863 334
863 334
863 334
863 334
863 334
863 334
863 334
863 334
863 334
863 334
863 334
863 334
863 334
863 334
863 334
863 334
863 334
863 334
863 334
863 334
863 334
863 334
863 334
863 334
863 334
863 334
863 334
863 334
863 334
863 334
863 334
863 334
863 334
863 334
863 334
863 334
863 334
863 334
863 334
863 334
863 334
863 334
863 334
863 334
863 334
863 334
863 334
863 334
863 334
863 334
863 334
863 334
863 334
863 334
863 334
863 334
863 334
863 334
863 334
863 334
863 334
863 334
863 334
863 334
863 334
863 334
863 334
863 334
863 334
863 334
863 334
863 334
863 334
863 334
863 334
863 334
863 334
863 334
863 334
863 334
863 334
863 334
863 334
863 334
863 334
863 334
863 334
863 334
863 334
863 334
863 334
863 334
863 334
863 334
863 334
863 334
863 334
863 334
863 334
863 334
863 334
863 334
863 334
863 334
863 334
863 334
863 334
863 334
863 334
863 334
863 334
863 334
863 334
863 334
863 334
863 334
863 334
863 334
863 334
863 334
863 334
863 334
863 334
863 334
863 334
863 334
863 334
863 334
863 334
863 334
863 334
863 334
863 334
863 334
863 334
863 334
863 334
863 334
863 334
863 334
863 334
863 334
863 334
863 334
863 334
863 334
863 334
863 334
863 334
863 334
863 334
863 334
863 334
863 334
863 334
863 334
863 334
863 334
863 334
863 334
863 334
863 334
863 334
863 334
863 334
863 334
863 334
863 334
863 334
863 334
863 334
863 334
863 334
863 334
863 334
863 334
863 334
863 334
863 334
863 334
863 334
863 334
863 334
863 334
863 334
863 334
863 334
863 334
863 334
863 334
863 334
863 334
863 334
863 334
863 334
863 334
863 334
863 334
863 334
863 334
863 334
863 334
863 334
863 334
863 334
863 334
863 334
863 334
863 334
863 334
863 334
863 334
863 334
863 334
863 334
863 334
863 334
863 334
863 334
863 334
863 334
863 334
863 334
863 334
863 334
863 334
863 334
863 334
863 334
863 334
863 334
863 334
863 334
863 334
863 334
863 334
863 334
863 334
863 334
863 334
863 334
863 334
863 334
863 334
863 334
863 334
863 334
863 334
863 334
863 334
863 334
863 334
863 334
863 334
863 334
863 334
863 334
863 334
863 334
863 334
863 334
863 334
863 334
863 334
863 334
863 334
863 334
863 334
863 334
863 334
863 334
863 334
863 334
863 334
863 334
863 334
863 334
863 334
863 334
863 334
863 334
863 334
863 334
863 334
863 334
863 334
863 334
863 334
863 334
863 334
863 334
863 334
863 334
863 334
863 334
863 334
863 334
863 334
863 334
863 334
863 334
863 334
863 334
863 334
863 334
863 334
863 334
863 334
863 334
863 334
863 334
863 334
863 334
863 334
863 334
863 334
863 334
863 334
863 334
863 334
863 334
863 334
863 334
863 334
863 334
863 334
863 334
863 334
863 334
863 334
863 334
863 334
863 334
863 334
863 334
863 334
863 334
863 334
863 334
863 334
863 334
863 334
863 334
863 334
863 334
863 334
863 334
863 334
863 334
863 334
863 334
863 334
863 334
863 334
863 334
863 334
863 334
863 334
863 334
863 334
863 334
863 334
863 334
863 334
863 334
863 334
863 334
863 334
863 334
863 334
863 334
863 334
863 334
863 334
863 334
863 334
863 334
863 334
863 334
863 334
863 334
863 334
863 334
863 334
863 334
863 334
863 334
863 334
863 334
863 334
863 334
863 334
863 334
863 334
863 334
863 334
863 334
863 334
863 334
863 334
863 334
863 334
863 334
863 334
863 334
863 334
863 334
863 334
863 334
863 334
863 334
863 334
863 334
863 334
863 334
863 334
863 334
863 334
863 334
863 334
863 334
863 334
863 334
863 334
863 334
863 334
863 334
863 334
863 334
863 334
863 334
863 334
863 334
863 334
863 334
863 334
863 334
863 334
863 334
863 334
863 334
863 334
863 334
863 334
863 334
863 334
863 334
863 334
863 334
863 334
863 334
863 334
863 334
863 334
863 334
863 334
863 334
863 334
863 334
863 334
863 334
863 334
863 334
863 334
863 334
863 334
863 334
863 334
863 334
863 334
863 334
863 334
863 334
863 334
863 334
863 334
863 334
863 334
863 334
863 334
863 334
863 334
863 334
863 334
863 334
863 334
863 334
863 334
863 334
863 334
863 334
863 334
863 334
863 334
863 334
863 334
863 334
863 334
863 334
863 334
863 334
863 334
863 334
863 334
863 334
863 334
863 334
863 334
863 334
863 334
863 334
863 334
863 334
863 334
863 334
863 334
863 334
863 334
863 334
863 334
863 334
863 334
863 334
863 334
863 334
863 334
863 334
863 334
863 334
863 334
863 334
863 334
863 334
863 334
863 334
863 334
863 334
863 334
863 334
863 334
863 334
863 334
863 334
863 334
863 334
863 334
863 334
863 334
863 334
863 334
863 334
863 334
863 334
863 334
863 334
863 334
863 334
863 334
863 334
863 334
863 334
863 334
863 334
863 334
863 334
863 334
863 334
863 334
863 334
863 334
863 334
863 334
863 334
863 334
863 334
863 334
863 334
863 334
863 334
863 334
863 334
863 334
863 334
863 334
863 334
863 334
863 334
863 334
863 334
863 334
863 334
863 334
863 334
863 334
863 334
863 334
863 334
863 334
863 334
863 334
863 334
863 334
863 334
863 334
863 334
863 334
863 334
863 334
863 334
863 334
863 334
863 334
863 334
863 334
863 334
863 334
863 334
863 334
863 334
863 334
863 334
863 334
863 334
863 334
863 334
863 334
863 334
863 334
863 334
863 334
863 334
863 334
863 334
863 334
863 334
863 334
863 334
863 334
863 334
863 334
863 334
863 334
863 334
863 334
863 334
863 334
863 334
863 334
863 334
863 334
863 334
863 334
863 334
863 334
863 334
863 334
863 334
863 334
863 334
863 334
863 334
863 334
863 334
863 334
863 334
863 334
863 334
863 334
863 334
863 334
863 334
863 334
863 334
863 334
863 334
863 334
863 334
863 334
863 334
863 334
863 334
863 334
863 334
863 334
863 334
863 334
863 334
863 334
863 334
863 334
863 334
863 334
863 334
863 334
863 334
863 334
863 334
863 334
863 334
863 334
863 334
863 334
863 334
863 334
863 334
863 334
863 334
863 334
863 334
863 334
863 334
863 334
863 334
863 334
863 334
863 334
863 334
863 334
863 334
863 334
863 334
863 334
863 334
863 334
863 334
863 334
863 334
863 334
863 334
863 334
863 334
863 334
863 334
863 334
863 334
863 334
863 334
863 334
863 334
863 334
863 334
863 334
863 334
863 334
863 334
863 334
863 334
863 334
863 334
863 334
863 334
863 334
863 334
863 334
863 334
863 334
863 334
863 334
863 334
863 334
863 334
863 334
863 334
863 334
863 334
863 334
863 334
863 334
863 334
863 334
863 334
863 334
863 334
863 334
863 334
863 334
863 334
863 334
863 334
863 334
863 334
863 334
863 334
863 334
863 334
863 334
863 334
863 334
863 334
863 334
863 334
863 334
863 334
863 334
863 334
863 334
863 334
863 334
863 334
863 334
863 334
863 334
863 334
863 334
863 334
863 334
863 334
863 334
863 334
863 334
863 334
863 334
863 334
863 334
863 334
863 334
863 334
863 334
863 334
863 334
863 334
863 334
863 334
863 334
863 334
863 334
863 334
863 334
863 334
863 334
863 334
863 334
863 334
863 334
863 334
863 334
863 334
863 334
863 334
863 334
863 334
863 334
863 334
863 334
863 334
863 334
863 334
863 334
863 334
863 334
863 334
863 334
863 334
863 334
863 334
863 334
863 334
863 334
863 334
863 334
863 334
863 334
863 334
863 334
863 334
863 334
863 334
863 334
863 334
863 334
863 334
863 334
863 334
863 334
863 334
863 334
863 334
863 334
863 334
863 334
863 334
863 334
863 334
863 334
863 334
863 334
863 334
863 334
863 334
863 334
863 334
863 334
863 334
863 334
863 334
863 334
863 334
863 334
863 334
863 334
863 334
863 334
863 334
863 334
863 334
863 334
863 334
863 334
863 334
863 334
863 334
863 334
863 334
863 334
863 334
863 334
863 334
863 334
863 334
863 334
863 334
863 334
863 334
863 334
863 334
863 334
863 334
863 334
863 334
863 334
863 334
863 334
863 334
863 334
863 334
863 334
863 334
863 334
863 334
863 334
863 334
863 334
863 334
863 334
863 334
863 334
863 334
863 334
863 334
863 334
863 334
863 334
863 334
863 334
863 334
863 334
863 334
863 334
863 334
863 334
863 334
863 334
863 334
863 334
863 334
863 334
863 334
863 334
863 334
863 334
863 334
863 334
863 334
863 334
863 334
863 334
863 334
863 334
863 334
863 334
863 334
863 334
863 334
863 334
863 334
863 334
863 334
863 334
863 334
863 334
863 334
863 334
863 334
863 334
863 334
863 334
863 334
863 334
863 334
863 334
863 334
863 334
863 334
863 334
863 334
863 334
863 334
863 334
863 334
863 334
863 334
863 334
863 334
863 334
863 334
863 334
863 334
863 334
863 334
863 334
863 334
863 334
863 334
863 334
863 334
863 334
863 334
863 334
863 334
863 334
863 334
863 334
863 334
863 334
863 334
863 334
863 334
863 334
863 334
863 334
863 334
863 334
863 334
863 334
863 334
863 334
863 334
863 334
863 334
863 334
863 334
863 334
863 334
863 334
863 334
863 334
863 334
863 334
863 334
863 334
863 334
863 334
863 334
863 334
863 334
863 334
863 334
863 334
863 334
863 334
863 334
863 334
863 334
863 334
863 334
863 334
863 334
863 334
863 334
863 334
863 335
863 335
863 335
863 335
863 335
863 335
863 335
863 335
863 335
863 335
863 335
863 335
863 335
863 335
863 335
863 335
863 335
863 335
863 335
863 335
864 335
864 335
864 335
864 335
864 335
864 335
864 335
864 335
864 335
864 335
864 335
864 335
864 335
864 335
864 335
864 335
864 335
864 335
864 335
864 335
864 335
864 335
864 335
864 335
864 335
864 335
864 335
864 335
864 335
864 335
864 335
864 335
864 335
864 335
864 335
864 335
864 335
864 335
864 335
864 335
864 335
864 335
864 335
864 335
864 335
864 335
864 335
864 335
864 335
864 335
864 335
864 335
864 335
864 335
864 335
864 335
864 335
864 335
864 335
864 335
864 335
864 335
864 335
864 335
864 335
864 335
864 335
864 335
864 335
864 335
864 335
864 335
864 335
864 335
864 335
864 335
864 335
864 335
864 335
864 335
864 335
864 335
864 335
864 335
864 335
864 335
864 335
864 335
864 335
864 335
864 335
864 335
864 335
864 335
864 335
864 335
864 335
864 335
864 335
864 335
864 335
864 335
864 335
864 335
864 335
864 335
864 335
864 335
864 335
864 335
864 335
864 335
864 335
864 335
864 335
864 335
864 335
864 335
864 335
864 335
864 335
864 335
864 335
864 335
864 335
864 335
864 335
864 335
864 335
864 335
864 335
864 335
864 335
864 335
864 335
864 335
864 335
864 335
864 335
864 335
864 335
864 335
864 335
864 335
864 335
864 335
864 335
864 335
864 335
864 335
864 335
864 335
864 335
864 335
864 335
864 335
864 335
864 335
864 335
864 335
864 335
864 335
864 335
864 335
864 335
864 335
864 335
864 335
864 335
864 335
864 335
864 335
864 335
864 335
864 335
864 335
864 335
864 335
864 335
864 335
864 335
864 335
864 335
864 335
864 335
864 335
864 335
864 335
864 335
864 335
864 335
864 335
864 335
864 335
864 335
864 335
864 335
864 335
864 335
864 335
864 335
864 335
864 335
864 335
864 335
864 335
864 335
864 335
864 335
864 335
864 335
864 335
864 335
864 335
864 335
864 335
864 335
864 335
864 335
864 335
864 335
864 335
864 335
864 335
864 335
864 335
864 335
864 335
864 335
864 335
864 335
864 335
864 335
864 335
864 335
864 335
864 335
864 335
864 335
864 335
864 335
864 335
864 335
864 335
864 335
864 335
864 335
864 335
864 335
864 335
864 335
864 335
864 335
864 335
864 335
864 335
864 335
864 335
864 335
864 335
864 335
864 335
864 335
864 335
864 335
864 335
864 335
864 335
864 335
864 335
864 335
864 335
864 335
864 335
864 335
864 335
864 335
864 335
864 335
864 335
864 335
864 335
864 335
864 335
864 335
864 335
864 335
864 335
864 335
864 335
864 335
864 335
864 335
864 335
864 335
864 335
864 335
864 335
864 335
864 335
864 335
864 335
864 335
864 335
864 335
864 335
864 335
864 335
864 335
864 335
864 335
864 335
864 335
864 335
864 335
864 335
864 335
864 335
864 335
864 335
864 335
864 335
864 335
864 335
864 335
864 335
864 335
864 335
864 335
864 335
864 335
864 335
864 335
864 335
864 335
864 335
864 335
864 335
864 335
864 335
864 335
864 335
864 335
864 335
864 335
864 335
864 335
864 335
864 335
864 335
864 335
864 335
864 335
864 332
873 317
900 281
920 266
929 263
934 263
935 263
935 263
945 283
944 295
943 296
943 298
941 300
937 302
928 302
904 297
874 284
819 254
732 248
756 306
774 344
789 379
792 392
792 393
791 393
778 380
732 354
678 330
614 312
554 302
486 298
424 304
397 311
389 318
389 322
396 324
416 326
445 320
482 312
538 304
600 298
664 292
714 288
727 288
728 288
727 288
724 288
711 288
670 288
628 288
604 291
599 292
600 294
615 297
640 301
670 301
700 299
743 295
792 289
824 289
845 292
863 297
881 303
907 309
928 314
945 319
960 320
977 322
988 323
996 321
998 318
997 312
983 297
936 274
872 258
794 248
728 246
688 248
669 257
666 271
673 291
692 307
718 323
743 328
766 326
785 315
802 288
804 253
579 229
599 232
625 232
658 226
781 228
798 252
826 282
857 308
884 326
904 335
914 336
918 337
920 336
921 335
923 334
924 334
925 334
925 334
927 335
928 335
929 336
929 336
930 336
931 337
932 337
932 337
932 337
932 337
932 337
931 336
930 335
930 335
930 335
930 335
930 335
930 335
930 335
930 335
930 335
930 335
930 335
930 335
930 335
930 335
930 335
930 335
930 335
930 335
930 335
930 335
930 335
930 335
930 335
930 335
930 335
930 335
930 335
930 335
930 335
930 335
930 335
930 335
930 335
930 335
930 335
930 335
930 335
930 335
930 335
929 335
929 335
929 335
929 335
929 335
929 335
929 335
929 335
929 335
929 335
929 335
929 335
929 335
929 335
929 335
929 335
929 335
929 335
929 335
929 335
929 335
929 335
929 335
929 335
929 335
929 335
929 335
929 335
929 335
929 335
929 335
929 335
929 335
929 335
929 335
929 335
929 335
929 335
929 335
929 335
929 335
929 335
929 335
929 335
929 335
929 335
929 335
929 335
929 335
929 335
929 335
929 335
929 335
929 335
929 335
929 335
929 335
929 335
929 335
929 335
929 335
929 335
929 335
929 335
929 335
929 335
929 335
929 335
929 335
929 335
929 335
929 335
929 335
929 335
929 335
929 335
929 335
929 335
929 335
929 335
929 335
929 335
929 335
929 335
929 335
929 335
929 335
929 335
929 335
929 335
929 335
929 335
929 335
929 335
929 335
929 335
929 335
929 335
929 335
929 335
929 335
929 335
929 335
929 335
929 335
929 335
929 335
929 335
929 335
929 335
929 335
929 335
929 335
929 335
929 335
929 335
929 335
929 335
929 335
929 335
929 335
929 335
929 335
929 335
929 335
929 335
929 335
929 335
929 335
929 335
929 335
929 335
929 335
929 335
929 335
929 335
929 335
929 335
929 335
929 335
929 335
929 335
929 335
929 335
929 335
929 335
929 335
929 335
929 335
929 335
929 335
929 335
929 335
929 335
929 335
929 335
929 335
929 335
929 335
929 335
929 335
929 335
929 335
929 335
929 335
929 335
929 335
929 335
929 335
929 335
929 335
929 335
929 335
929 335
929 335
929 335
929 335
929 335
929 335
929 335
929 335
929 335
929 335
929 335
929 335
929 335
929 335
929 335
929 335
929 335
929 335
929 335
929 335
929 335
929 335
929 335
929 335
929 335
929 335
929 335
929 335
929 335
929 335
929 335
929 335
929 335
929 335
929 335
929 335
929 335
929 335
929 335
929 335
929 335
929 335
929 335
929 335
929 335
929 335
929 335
929 335
929 335
929 335
929 335
929 335
929 335
929 335
929 335
929 335
929 335
929 335
929 335
929 335
929 335
929 335
929 335
929 335
929 335
929 335
929 335
929 335
929 335
929 335
929 335
929 335
929 335
929 335
929 335
929 335
929 335
929 335
929 335
929 335
929 335
929 335
929 335
929 335
929 335
929 335
929 335
929 335
929 335
929 335
929 335
929 335
929 335
929 335
929 335
929 335
929 335
929 335
929 335
929 335
929 335
929 335
929 335
929 335
929 335
929 335
929 335
929 335
929 335
929 335
929 335
929 335
929 335
929 335
929 335
929 335
929 335
929 335
929 335
929 335
929 335
929 335
929 335
929 335
929 335
929 335
929 335
929 335
929 335
929 335
929 335
929 335
929 335
929 335
929 335
929 335
929 335
929 335
929 335
929 335
929 335
929 335
929 335
929 335
929 335
929 335
929 335
929 335
929 335
929 335
929 335
929 335
929 335
929 335
929 335
929 335
929 335
929 335
929 335
929 335
929 335
929 335
929 335
929 335
929 335
929 335
929 335
929 335
929 335
929 335
929 335
929 335
929 335
929 335
929 335
929 335
929 335
929 335
929 335
929 335
929 335
929 335
929 335
929 335
929 335
929 335
929 335
929 335
929 335
929 335
929 335
929 335
929 335
929 335
929 335
929 335
929 335
929 335
929 335
929 335
929 335
929 335
929 335
929 335
929 335
929 335
929 335
929 335
929 335
929 335
929 335
929 335
929 335
929 335
929 335
929 335
929 335
929 335
929 335
929 335
929 335
929 335
929 335
929 335
929 335
929 335
929 335
929 335
929 335
929 335
929 335
929 335
929 335
929 335
929 335
929 335
929 335
929 335
929 335
929 335
929 335
929 335
929 335
929 335
929 335
929 335
929 335
929 335
929 335
929 335
929 335
929 335
929 335
929 335
929 335
929 335
929 335
929 335
929 335
929 335
929 335
929 335
929 335
929 335
929 335
929 335
929 335
929 335
929 335
929 335
929 335
929 335
929 335
929 335
929 335
929 335
929 335
929 335
929 335
929 335
929 335
929 335
929 335
929 335
929 335
929 335
929 335
929 335
929 335
929 335
929 335
929 335
929 335
929 335
929 335
929 335
929 335
929 335
929 335
929 335
929 335
929 335
929 335
929 335
929 335
929 335
929 335
929 335
929 335
929 335
929 335
929 335
929 335
929 335
929 335
929 335
929 335
929 335
929 335
929 335
929 335
929 335
929 335
929 335
929 335
929 335
929 335
929 335
929 335
929 335
929 335
929 335
929 335
929 335
929 335
929 335
929 335
929 335
929 335
929 335
929 335
929 335
929 335
929 335
929 335
929 335
929 335
929 335
929 335
929 335
929 335
929 335
929 335
929 335
929 335
929 335
929 335
929 335
929 335
929 335
929 335
929 335
929 335
929 335
929 335
929 335
929 335
929 335
929 335
929 335
929 335
929 335
929 335
929 335
929 335
929 335
929 335
929 335
929 335
929 335
929 335
929 335
929 335
929 335
929 335
929 335
929 335
929 335
929 335
929 335
929 335
929 335
929 335
929 335
929 335
929 335
929 335
929 335
929 335
929 335
929 335
929 335
929 335
929 335
929 335
929 335
929 335
929 335
929 335
929 335
929 335
929 335
929 335
929 335
929 335
929 335
929 335
929 335
929 335
929 335
929 335
929 335
929 335
929 335
929 335
929 335
929 335
929 335
929 335
929 335
929 335
929 335
929 335
929 335
929 335
929 335
929 335
929 335
929 335
929 335
929 335
929 335
929 335
926 332
910 302
882 242
870 201
867 192
867 191
866 191
866 191
866 196
861 225
855 277
853 314
856 351
860 364
861 365
862 365
862 365
864 362
865 357
864 356
864 356
864 356
864 356
864 356
863 356
862 356
861 357
861 357
859 357
857 360
857 360
857 360
857 360
857 360
857 360
857 360
857 360
857 360
857 360
857 360
857 360
857 360
857 360
857 360
857 360
857 360
857 360
857 360
857 360
857 360
857 360
857 360
857 360
857 360
857 360
857 360
857 360
857 360
857 360
857 360
857 360
857 360
857 360
857 360
857 360
857 360
857 360
857 360
857 360
857 360
857 360
857 360
857 360
857 360
857 360
857 360
857 360
857 360
857 360
857 360
857 360
857 360
857 360
857 360
857 360
857 360
857 360
857 360
857 360
857 360
857 360
857 360
857 360
857 360
857 360
857 360
857 360
857 360
857 360
857 360
857 360
857 360
857 360
857 360
857 360
857 360
857 360
857 360
857 360
857 360
857 360
857 360
857 360
857 360
857 360
857 360
857 360
857 360
857 360
857 360
857 360
857 360
857 360
857 360
857 360
857 360
857 360
857 360
857 360
857 360
857 360
857 360
857 360
857 360
857 360
857 360
857 360
857 360
857 360
857 360
857 360
857 360
857 360
857 360
857 360
857 360
857 360
857 360
857 360
857 360
857 360
857 360
857 360
857 360
857 360
857 360
857 360
857 360
857 360
857 360
857 360
857 360
857 360
857 360
857 360
858 360
858 359
858 358
858 355
859 353
859 352
859 352
859 352
859 352
859 352
859 352
859 352
859 352
859 352
859 352
859 352
859 352
859 352
859 352
859 352
859 351
859 351
859 351
859 351
859 351
859 350
859 350
860 348
860 345
860 341
861 337
861 333
861 332
862 331
862 331
862 331
862 331
862 331
862 331
862 331
858 331
858 331
858 331
858 331
858 331
858 331
858 331
858 331
858 331
858 331
858 331
858 331
858 331
858 331
858 331
858 331
858 331
858 331
858 331
858 331
858 331
858 331
858 331
858 331
858 331
858 331
858 331
858 331
858 331
858 331
858 331
858 331
858 331
858 331
858 331
858 331
858 331
858 331
858 331
858 331
858 331
858 331
858 331
858 331
858 331
858 331
858 331
858 331
867 342
869 342
869 342
869 342
869 342
869 343
869 343
869 345
869 349
869 352
869 353
869 354
868 354
868 354
868 354
868 353
868 352
868 351
868 351
868 350
868 349
868 349
868 349
868 349
868 349
868 349
868 349
868 349
868 349
868 349
868 349
868 349
868 349
868 349
868 349
868 349
868 349
868 349
868 349
868 349
868 349
868 349
868 349
868 349
868 349
868 349
868 349
868 349
868 349
868 349
868 349
868 349
868 349
868 349
868 349
868 349
868 349
868 349
868 349
868 349
868 349
868 349
868 349
868 349
868 349
868 349
868 349
868 349
868 349
868 349
868 349
868 349
868 349
868 349
868 349
868 349
868 349
868 349
868 349
868 349
868 349
868 349
868 349
868 349
868 349
868 349
868 349
868 348
869 342
874 333
879 320
884 311
887 303
892 293
894 289
896 285
897 284
898 283
898 283
898 283
898 283
898 283
899 283
900 284
901 285
901 286
902 287
902 287
903 288
904 289
910 295
920 304
928 314
938 330
946 342
959 357
966 363
968 365
968 365
968 365
969 365
969 364
969 363
969 362
969 362
969 362
969 362
969 362
969 362
969 362
969 362
969 362
969 362
969 362
969 362
969 362
969 362
969 362
969 362
969 362
969 362
969 362
969 362
969 362
969 362
969 362
969 362
969 362
969 362
969 362
969 362
969 362
969 362
969 362
969 362
969 362
969 362
969 362
969 362
969 362
969 362
969 362
969 362
969 362
969 362
969 362
969 362
969 362
969 362
969 362
969 362
969 362
969 362
969 362
969 362
969 362
969 362
969 362
969 362
969 362
969 365
967 374
962 387
953 398
953 398
953 398
953 398
953 398
953 398
953 398
953 398
953 398
953 398
953 398
953 398
953 398
953 398
953 398
953 398
953 398
953 398
953 398
953 398
953 398
953 398
953 398
953 398
953 398
953 398
953 398
953 398
953 398
953 398
953 398
953 398
953 398
953 398
953 398
953 398
953 398
953 398
953 398
953 398
953 398
953 398
953 398
953 398
953 398
953 398
953 398
953 398
953 398
953 398
953 398
953 398
953 398
953 398
953 398
953 398
953 398
953 398
953 398
953 398
965 412
965 412
965 412
965 412
965 412
965 412
965 412
965 412
965 412
965 412
965 412
965 412
966 412
966 412
966 412
966 412
966 412
966 412
966 412
966 412
966 412
966 412
966 412
966 412
966 411
966 411
966 411
966 411
966 411
966 411
966 411
966 411
966 411
966 411
966 410
966 410
966 410
966 410
966 410
966 410
966 410
966 410
966 410
966 410
966 410
966 410
966 410
966 410
966 410
966 410
966 410
966 410
966 410
966 410
966 410
966 410
966 410
966 410
966 410
966 410
966 410
966 410
966 410
966 410
966 410
966 410
966 410
966 410
966 410
966 410
966 410
966 410
966 410
966 410
966 410
966 410
966 410
966 410
966 410
966 410
966 410
966 410
966 410
966 410
966 410
966 410
966 410
966 410
966 410
966 410
966 410
966 410
966 410
966 410
966 410
966 410
966 410
966 410
966 410
966 410
966 410
966 410
966 410
966 410
966 410
966 410
966 410
966 410
966 410
966 410
966 410
966 410
966 410
966 410
966 410
966 410
966 410
966 410
966 410
966 410
966 410
966 410
966 410
966 410
966 410
966 410
966 410
966 410
966 410
966 410
966 410
966 410
966 410
966 410
966 410
966 410
966 410
966 410
966 410
966 410
966 410
966 410
966 410
966 410
966 410
966 410
966 410
966 410
966 410
966 410
966 410
966 410
966 410
966 410
966 410
966 410
966 410
966 410
966 410
966 410
966 410
966 410
966 410
966 410
966 410
966 410
966 410
966 410
966 410
966 410
966 410
966 410
966 410
966 410
966 410
966 410
966 410
966 410
966 410
966 410
966 410
966 410
966 410
966 410
966 410
966 410
966 410
966 410
966 410
966 410
966 410
966 410
966 410
966 410
966 410
966 410
966 410
966 410
966 410
966 410
966 410
966 410
966 410
966 410
966 410
966 410
966 410
966 410
966 410
966 410
966 410
966 410
966 410
966 410
966 410
966 410
966 410
966 410
966 410
966 410
966 410
966 410
966 410
966 410
966 410
966 410
966 410
966 410
966 410
966 410
966 410
966 410
966 410
966 410
966 410
966 410
966 410
966 410
966 410
966 410
966 410
966 410
966 410
966 410
966 410
966 410
966 410
966 410
966 410
966 410
966 410
966 410
966 410
966 410
966 410
966 410
966 410
966 410
966 410
966 410
966 410
966 410
966 410
966 410
966 410
966 410
966 410
966 410
966 410
966 410
966 410
966 410
966 410
966 410
966 410
966 410
966 410
966 410
966 410
966 410
966 410
966 410
966 410
966 410
966 410
966 410
966 410
966 410
966 410
966 410
966 410
966 410
966 410
966 410
966 410
966 410
966 410
966 410
966 410
966 410
966 410
966 410
966 410
966 410
966 410
966 410
966 410
966 410
966 410
966 410
966 410
966 410
966 410
966 410
966 410
966 410
966 410
966 410
966 410
966 410
966 410
966 410
966 410
966 410
966 410
966 410
966 410
966 410
966 410
966 410
966 410
966 410
966 410
966 410
966 410
966 410
966 410
966 410
966 410
966 410
966 410
966 410
966 410
966 410
966 410
966 410
966 410
966 410
966 410
966 410
966 410
966 410
966 410
966 410
966 410
966 410
966 410
966 410
966 410
966 410
966 410
966 410
966 410
966 410
966 410
966 410
966 410
966 410
966 410
966 410
966 410
966 410
966 410
966 410
966 410
966 410
966 410
966 410
966 410
966 410
966 410
966 410
966 410
966 410
966 410
966 410
966 410
966 410
966 410
966 410
966 410
966 410
966 410
966 410
966 410
966 410
966 410
966 410
966 410
966 410
966 410
966 410
966 410
966 410
966 410
966 410
966 410
966 410
966 410
966 410
966 410
966 410
966 410
966 410
966 410
966 410
966 410
966 410
966 410
966 410
966 410
966 410
966 410
966 410
966 410
966 410
966 410
966 410
966 410
966 410
966 410
966 410
966 410
966 410
966 410
966 410
966 410
966 410
966 410
966 410
966 410
966 410
966 410
966 410
966 410
966 410
966 410
966 410
966 410
966 410
966 410
966 410
966 410
966 410
966 410
966 410
966 410
966 410
966 410
966 410
966 410
966 410
966 410
966 410
966 410
966 410
966 410
966 410
966 410
966 410
966 410
966 410
966 410
966 410
966 410
966 410
966 410
966 410
966 410
966 410
966 410
966 410
966 410
966 410
966 410
966 410
966 410
966 410
966 410
966 410
966 410
966 410
966 410
966 410
966 410
966 410
966 410
966 410
966 410
966 410
966 410
966 410
966 410
966 410
966 410
966 410
966 410
966 410
966 410
966 410
966 410
966 410
966 410
966 410
966 410
966 410
966 410
966 410
966 410
966 410
966 410
966 410
966 410
966 410
966 410
966 410
966 410
966 410
966 410
966 410
966 410
966 410
966 410
966 410
966 410
966 410
966 410
966 410
966 410
966 410
966 410
966 410
966 410
966 410
966 410
966 410
966 410
966 410
966 410
966 410
966 410
966 410
966 410
966 410
966 410
966 410
966 410
966 410
966 410
966 410
966 410
966 410
966 410
966 410
966 410
966 410
966 410
966 410
966 410
966 410
966 410
966 410
966 410
966 410
966 410
966 410
966 410
966 410
966 410
966 410
966 410
966 410
966 410
966 410
966 410
966 410
966 410
966 410
966 410
966 410
966 410
966 410
966 410
966 410
966 410
966 410
966 410
966 410
966 410
966 410
966 410
966 410
966 410
966 410
966 410
966 410
966 410
966 410
966 410
966 410
966 410
966 410
966 410
966 410
966 410
966 410
966 410
966 410
966 410
966 410
966 410
966 410
966 410
966 410
966 410
966 410
966 410
966 410
966 410
966 410
966 410
966 410
966 410
966 410
966 410
966 410
966 410
966 410
966 410
966 410
966 410
966 410
966 410
966 410
966 410
966 410
966 410
966 410
966 410
966 410
966 410
966 410
966 410
966 410
966 410
966 410
966 410
966 410
966 410
966 410
966 410
966 410
966 410
966 410
966 410
966 410
966 410
966 410
966 410
966 410
966 410
966 410
966 410
966 410
966 410
966 410
966 410
966 410
966 410
966 410
966 410
966 410
966 410
966 410
966 410
966 410
966 410
966 410
966 410
966 410
966 410
966 410
966 410
966 410
966 410
966 410
966 410
966 410
966 410
966 410
966 410
966 410
966 410
966 410
966 410
966 410
966 410
966 410
966 410
966 410
966 410
966 410
966 410
966 410
966 410
966 410
966 410
966 410
966 410
966 410
966 410
966 410
966 410
966 410
966 410
966 410
966 410
966 410
966 410
966 410
966 410
966 410
966 410
966 410
966 410
966 410
966 410
966 410
966 410
966 410
966 410
966 410
966 410
966 410
966 410
966 410
966 410
966 410
966 410
966 410
966 410
966 410
966 410
966 410
966 410
966 410
966 410
966 410
966 410
966 410
966 410
966 410
966 410
966 410
966 410
966 410
966 410
966 410
966 410
966 410
966 410
966 410
966 410
966 410
966 410
966 410
966 410
966 410
966 410
966 410
966 410
966 410
966 410
966 410
966 410
966 410
966 410
966 410
966 410
966 410
966 410
966 410
966 410
966 410
966 410
966 410
966 410
966 410
966 410
966 410
966 410
966 410
966 410
966 410
966 410
966 410
966 410
966 410
966 410
966 410
966 410
966 410
966 410
966 410
966 410
966 410
966 410
966 410
966 410
966 410
966 410
966 410
966 410
966 410
966 410
966 410
966 410
966 410
966 410
966 410
966 410
966 410
966 410
966 410
966 410
966 410
966 410
966 410
966 410
966 410
966 410
966 410
966 410
966 410
966 410
966 410
966 410
966 410
966 410
966 410
966 410
966 410
966 410
966 410
966 410
966 410
966 410
966 410
966 410
966 410
966 410
966 410
966 410
966 410
966 410
966 410
966 410
966 410
966 410
966 410
966 410
966 410
966 410
966 410
966 410
966 410
966 410
966 410
966 410
966 410
966 410
966 410
966 410
966 410
966 410
966 410
966 410
966 410
966 410
966 410
966 410
966 410
966 410
966 410
966 410
966 410
966 410
966 410
966 410
966 410
966 410
966 410
966 410
966 410
966 410
966 410
966 410
966 410
966 410
966 410
966 410
966 410
966 410
966 410
966 410
966 410
966 410
966 410
966 410
966 410
966 410
966 410
966 410
966 410
966 410
966 410
966 410
966 410
966 410
966 410
966 410
966 410
966 410
966 410
966 410
966 410
966 410
966 410
966 410
966 410
966 410
966 410
966 410
966 410
966 410
966 410
966 410
966 410
966 410
966 410
966 410
966 410
966 410
966 410
966 410
966 410
966 410
966 410
966 410
966 410
966 410
966 410
966 410
966 410
966 410
966 410
966 410
966 410
966 410
966 410
966 410
966 410
966 410
966 410
966 410
966 410
966 410
966 410
966 410
966 410
966 410
966 410
966 410
966 410
967 410
967 410
967 410
967 410
967 410
967 410
967 410
967 410
967 410
967 410
967 410
967 410
967 410
967 410
967 410
967 410
967 410
967 410
967 410
967 410
967 410
967 410
967 410
967 410
967 410
967 410
967 410
967 410
967 410
967 410
967 410
967 410
967 410
967 410
967 410
967 410
967 410
967 410
967 410
967 410
967 410
967 410
967 410
967 410
967 410
967 410
967 410
967 410
967 410
967 410
967 410
967 410
967 410
967 410
967 410
967 410
967 410
967 410
967 410
967 410
967 410
967 410
967 410
967 410
967 410
967 410
967 410
967 410
967 410
967 410
967 410
967 410
967 410
967 410
967 410
967 410
967 410
967 410
967 410
967 410
967 410
967 410
967 410
967 410
967 410
967 410
967 410
967 410
967 410
967 410
967 410
967 410
967 410
967 410
967 410
967 410
967 410
967 410
967 410
967 410
967 410
967 410
967 410
967 410
967 410
967 410
967 410
967 410
967 410
967 410
967 410
967 410
967 410
967 410
967 410
967 410
967 410
967 410
967 410
967 410
967 410
967 410
967 410
967 410
967 410
967 410
967 410
967 410
967 410
967 410
967 410
967 410
967 410
967 410
967 410
967 410
967 410
967 410
967 410
967 410
967 410
967 410
967 410
967 410
967 410
967 410
967 410
967 410
967 410
967 410
967 410
967 410
967 410
967 410
967 410
967 410
967 410
967 410
967 410
967 410
967 410
967 410
967 410
967 410
967 410
967 410
967 410
967 410
967 410
967 410
967 410
967 410
967 410
967 410
967 410
967 410
967 410
967 410
967 410
967 410
967 410
967 410
967 410
967 410
967 410
967 410
967 410
967 410
967 410
967 410
967 410
967 410
967 410
967 410
967 410
967 410
967 410
967 410
967 410
967 410
967 410
967 410
967 410
967 410
967 410
967 410
967 410
967 410
967 410
967 410
967 410
967 410
967 410
967 410
967 410
967 410
967 410
967 410
967 410
967 410
967 410
967 410
967 410
967 410
967 410
967 410
967 410
967 410
967 410
967 410
967 410
967 410
967 410
967 410
967 410
967 410
967 410
967 410
967 410
967 410
967 410
967 410
967 410
967 410
967 410
967 410
967 410
967 410
967 410
967 410
967 410
967 410
967 410
967 410
967 410
967 410
967 410
967 410
967 410
967 410
967 410
967 410
967 410
967 410
967 410
967 410
967 410
967 410
967 410
967 410
967 410
967 410
967 410
967 410
967 410
967 410
967 410
967 410
967 410
967 410
967 410
967 410
967 410
967 410
967 410
967 410
967 410
967 410
967 410
967 410
967 410
967 410
967 410
967 410
967 410
967 410
967 410
967 410
967 410
967 410
967 410
967 410
967 410
967 410
967 410
967 410
967 410
967 410
967 410
967 410
967 410
967 410
967 410
967 410
967 410
967 410
967 410
967 410
967 410
967 410
967 410
967 410
967 410
967 410
967 410
967 410
967 410
967 410
967 410
967 410
967 410
967 410
967 410
967 410
967 410
967 410
967 410
967 410
967 410
967 410
967 410
967 410
967 410
967 410
967 410
967 410
967 410
967 410
967 410
967 410
967 410
967 410
967 410
967 410
967 410
967 410
967 410
967 410
967 410
967 410
967 410
967 410
967 410
967 410
967 410
967 410
967 410
967 410
967 410
967 410
967 410
967 410
967 410
967 410
967 410
967 410
967 410
967 410
967 410
967 410
967 410
967 410
967 410
967 410
967 410
967 410
967 410
967 410
967 410
967 410
967 410
967 410
967 410
967 410
967 410
967 410
967 410
967 410
967 410
967 410
967 410
967 410
967 410
967 410
967 410
967 410
967 410
967 410
967 410
967 410
967 410
967 410
967 410
967 410
967 410
967 410
967 410
967 410
967 410
967 410
967 410
967 410
967 410
967 410
967 410
967 410
967 410
967 410
967 410
967 410
967 410
967 410
967 410
967 410
967 410
967 410
967 410
967 410
967 410
967 410
967 410
967 410
967 410
967 410
967 410
967 410
967 410
967 410
967 410
967 410
967 410
967 410
967 410
967 410
967 410
967 410
967 410
967 410
967 410
967 410
967 410
967 410
967 410
967 410
967 410
967 410
967 410
967 410
967 410
967 410
967 410
967 410
967 410
967 410
967 410
967 410
967 410
967 410
967 410
967 410
967 410
967 410
967 410
967 410
967 410
967 410
967 410
967 410
967 410
967 410
967 410
967 410
967 410
967 410
967 410
967 410
967 410
967 410
967 410
967 410
967 410
967 410
967 410
967 410
967 410
967 410
967 410
967 410
967 410
967 410
967 410
967 410
967 410
967 410
967 410
967 410
967 410
967 410
967 410
967 410
967 410
967 410
967 410
967 410
967 410
967 410
967 410
967 410
967 410
967 410
967 410
967 410
967 410
967 410
967 410
967 410
967 410
967 410
967 410
967 410
967 410
967 410
967 410
967 410
967 410
967 410
967 410
967 410
967 410
967 410
967 410
967 410
967 410
967 410
967 410
967 410
967 410
967 410
967 410
967 410
967 410
967 410
967 410
967 410
967 410
967 410
967 410
967 410
967 410
967 410
967 410
967 410
967 410
967 410
967 410
967 410
967 410
967 410
967 410
967 410
967 410
967 410
967 410
967 410
967 410
967 410
967 410
967 410
967 410
967 410
967 410
967 410
967 410
967 410
967 410
967 410
967 410
967 410
967 410
967 410
967 410
967 410
967 410
967 410
967 410
967 410
967 410
967 410
967 410
967 410
967 410
967 410
967 410
967 410
967 410
967 410
967 410
967 410
967 410
967 410
967 410
967 410
967 410
967 410
967 410
967 410
967 410
967 410
861 382
687 304
285 104
5 0
5 0
5 0
5 0
5 0
5 0
5 0
5 0
5 0
5 0
5 0
5 0
5 0
5 0
5 0
5 0
5 0
5 0
5 0
5 0
5 0
5 0
5 0
5 0
5 0
5 0
5 0
5 0
5 0
5 0
5 0
5 0
5 0
5 0
5 0
5 0
5 0
5 0
5 0
5 0
5 0
5 0
5 0
5 0
5 0
5 0
5 0
5 0
5 0
5 0
5 0
5 0
5 0
5 0
5 0
5 0
5 0
5 0
5 0
5 0
5 0
5 0
5 0
5 0
5 0
5 0
5 0
5 0
5 0
5 0
5 0
5 0
5 0
5 0
5 0
5 0
5 0
5 0
5 0
5 0
5 0
5 0
5 0
5 0
5 0
5 0
5 0
5 0
5 0
5 0
5 0
5 0
5 0
5 0
5 0
5 0
5 0
5 0
5 0
5 0
5 0
5 0
5 0
5 0
5 0
5 0
5 0
5 0
5 0
5 0
5 0
5 0
5 0
5 0
5 0
5 0
5 0
5 0
5 0
5 0
5 0
5 0
5 0
5 0
5 0
5 0
5 0
5 0
5 0
5 0
5 0
5 0
5 0
5 0
5 0
5 0
5 0
5 0
5 0
5 0
5 0
5 0
5 0
5 0
5 0
5 0
5 0
5 0
5 0
5 0
5 0
5 0
5 0
5 0
5 0
5 0
5 0
5 0
5 0
5 0
5 0
5 0
5 0
5 0
5 0
5 0
5 0
5 0
5 0
5 0
5 0
5 0
5 0
5 0
5 0
5 0
5 0
5 0
5 0
5 0
5 0
5 0
5 0
5 0
5 0
5 0
5 0
5 0
5 0
5 0
5 0
5 0
5 0
5 0
5 0
5 0
5 0
5 0
5 0
5 0
5 0
5 0
5 0
5 0
5 0
5 0
5 0
5 0
5 0
5 0
5 0
5 0
5 0
5 0
5 0
5 0
5 0
5 0
5 0
5 0
5 0
5 0
5 0
5 0
5 0
5 0
5 0
5 0
5 0
5 0
5 0
5 0
5 0
5 0
5 0
5 0
5 0
5 0
5 0
5 0
5 0
5 0
5 0
5 0
5 0
5 0
5 0
5 0
5 0
5 0
5 0
5 0
5 0
5 0
5 0
5 0
5 0
5 0
5 0
5 0
5 0
5 0
5 0
5 0
5 0
5 0
5 0
5 0
5 0
5 0
5 0
5 0
5 0
5 0
5 0
5 0
5 0
5 0
5 0
5 0
5 0
5 0
5 0
5 0
5 0
5 0
5 0
5 0
5 0
5 0
5 0
5 0
5 0
5 0
5 0
5 0
5 0
5 0
5 0
5 0
5 0
5 0
5 0
5 0
5 0
5 0
5 0
5 0
5 0
5 0
5 0
5 0
5 0
5 0
5 0
5 0
5 0
5 0
5 0
5 0
5 0
5 0
5 0
5 0
5 0
5 0
5 0
5 0
5 0
5 0
5 0
5 0
5 0
5 0
5 0
5 0
5 0
5 0
5 0
5 0
5 0
5 0
5 0
5 0
5 0
5 0
5 0
5 0
5 0
5 0
5 0
5 0
5 0
5 0
5 0
5 0
5 0
5 0
5 0
5 0
5 0
5 0
5 0
5 0
5 0
5 0
5 0
5 0
5 0
5 0
5 0
5 0
5 0
5 0
5 0
5 0
5 0
5 0
5 0
5 0
5 0
5 0
5 0
5 0
5 0
5 0
5 0
5 0
5 0
5 0
5 0
5 0
5 0
5 0
5 0
5 0
5 0
5 0
5 0
5 0
5 0
5 0
5 0
5 0
5 0
5 0
5 0
5 0
5 0
5 0
5 0
5 0
5 0
5 0
5 0
5 0
5 0
5 0
5 0
5 0
5 0
5 0
5 0
5 0
5 0
5 0
5 0
5 0
5 0
5 0
5 0
5 0
5 0
5 0
5 0
5 0
5 0
5 0
5 0
5 0
5 0
5 0
5 0
5 0
5 0
5 0
5 0
5 0
5 0
5 0
5 0
5 0
5 0
5 0
5 0
5 0
5 0
5 0
5 0
5 0
5 0
5 0
5 0
5 0
5 0
5 0
5 0
5 0
5 0
5 0
5 0
5 0
5 0
5 0
5 0
5 0
5 0
5 0
5 0
5 0
5 0
5 0
5 0
5 0
5 0
5 0
5 0
5 0
5 0
5 0
5 0
5 0
5 0
5 0
5 0
5 0
5 0
5 0
5 0
5 0
5 0
5 0
5 0
5 0
5 0
5 0
5 0
5 0
5 0
5 0
5 0
5 0
5 0
5 0
5 0
5 0
5 0
5 0
5 0
5 0
5 0
5 0
5 0
5 0
5 0
5 0
5 0
5 0
5 0
5 0
5 0
5 0
5 0
5 0
5 0
5 0
5 0
5 0
5 0
5 0
5 0
5 0
5 0
5 0
5 0
5 0
5 0
5 0
5 0
5 0
5 0
5 0
5 0
5 0
5 0
5 0
5 0
5 0
5 0
5 0
5 0
5 0
5 0
5 0
5 0
5 0
5 0
5 0
5 0
5 0
5 0
5 0
5 0
5 0
5 0
5 0
5 0
5 0
5 0
5 0
5 0
5 0
5 0
5 0
5 0
5 0
5 0
5 0
5 0
5 0
5 0
5 0
5 0
5 0
5 0
5 0
5 0
5 0
5 0
5 0
5 0
5 0
5 0
5 0
5 0
5 0
5 0
5 0
5 0
5 0
5 0
5 0
5 0
5 0
5 0
5 0
5 0
5 0
5 0
5 0
5 0
5 0
5 0
5 0
5 0
5 0
5 0
5 0
5 0
5 0
5 0
5 0
5 0
5 0
5 0
5 0
5 0
5 0
5 0
5 0
5 0
5 0
5 0
5 0
5 0
5 0
5 0
5 0
5 0
5 0
5 0
5 0
5 0
5 0
5 0
5 0
5 0
5 0
5 0
5 0
5 0
5 0
5 0
5 0
5 0
5 0
5 0
5 0
5 0
5 0
5 0
5 0
5 0
5 0
5 0
5 0
5 0
5 0
5 0
5 0
5 0
5 0
5 0
5 0
5 0
5 0
5 0
5 0
5 0
5 0
5 0
5 0
5 0
5 0
5 0
5 0
5 0
5 0
5 0
5 0
5 0
5 0
5 0
5 0
5 0
5 0
5 0
5 0
5 0
5 0
5 0
5 0
5 0
5 0
5 0
5 0
5 0
5 0
5 0
5 0
5 0
5 0
5 0
5 0
5 0
5 0
5 0
5 0
5 0
5 0
5 0
5 0
5 0
5 0
5 0
5 0
5 0
5 0
5 0
5 0
5 0
5 0
5 0
5 0
5 0
5 0
5 0
5 0
5 0
5 0
5 0
5 0
5 0
5 0
5 0
5 0
5 0
5 0
5 0
5 0
5 0
5 0
5 0
5 0
5 0
5 0
5 0
5 0
5 0
5 0
5 0
5 0
5 0
5 0
5 0
5 0
5 0
5 0
5 0
5 0
5 0
5 0
5 0
5 0
5 0
5 0
5 0
5 0
5 0
5 0
5 0
5 0
5 0
5 0
5 0
5 0
5 0
5 0
5 0
5 0
5 0
5 0
5 0
5 0
5 0
5 0
5 0
5 0
5 0
5 0
5 0
5 0
5 0
5 0
5 0
5 0
5 0
5 0
5 0
5 0
5 0
5 0
5 0
5 0
5 0
5 0
5 0
5 0
5 0
5 0
5 0
5 0
5 0
5 0
5 0
5 0
5 0
5 0
5 0
5 0
5 0
5 0
5 0
5 0
5 0
5 0
5 0
5 0
5 0
5 0
5 0
5 0
5 0
5 0
5 0
5 0
5 0
5 0
5 0
5 0
5 0
5 0
5 0
5 0
5 0
5 0
5 0
5 0
5 0
5 0
5 0
5 0
5 0
5 0
5 0
5 0
5 0
5 0
5 0
5 0
5 0
5 0
5 0
5 0
5 0
5 0
5 0
5 0
5 0
5 0
5 0
5 0
5 0
5 0
5 0
5 0
5 0
5 0
5 0
5 0
5 0
5 0
5 0
5 0
5 0
5 0
5 0
5 0
5 0
5 0
5 0
5 0
5 0
5 0
5 0
5 0
5 0
5 0
5 0
5 0
5 0
5 0
5 0
5 0
5 0
5 0
5 0
5 0
5 0
5 0
5 0
5 0
5 0
5 0
5 0
5 0
5 0
5 0
5 0
5 0
5 0
5 0
5 0
5 0
5 0
5 0
5 0
5 0
5 0
5 0
5 0
5 0
5 0
5 0
5 0
5 0
5 0
5 0
5 0
5 0
5 0
